signature	comparison	grp1	grp2	pval	grp1.min	grp1.25	grp1.median	grp1.75	grp1.max	grp1.mean	grp2.min	grp2.25	grp2.median	grp2.75	grp2.max	grp2.mean	grp1.detection	grp2.detection	signif_label
SBS1	IHC-EHC	IHC	EHC	3.10871766572319e-05	0	0.0504697533516351	0.125311671883192	0.216278862791771	0.657665244130419	0.147058261955008	0.00391240601535627	0.093080155714051	0.182333313184667	0.309203547690882	0.542566548330188	0.208030992448498	0.776377510040161	0.875586776859504	***
SBS10a	IHC-EHC	IHC	EHC	0.489354698562913	0	0	0	0	0.33422850358624	0.00134228314693269	0	0	0	0	0	0	0.00401606425702811	0	
SBS10b	IHC-EHC	IHC	EHC	0.737243438868517	0	0	0	0	0.485382024520957	0.00210988794834877	0	0	0	0	0.00040335796128725	3.33353687014256e-06	0.00693574297188755	4.95867768595041e-05	
SBS10c	IHC-EHC	IHC	EHC	0.0878076963505752	0	7.46523477962909e-05	0.00335280159748612	0.0284021951006346	0.164890620557453	0.0204601260337844	0	0	0.00157447648928901	0.0151599506473085	0.212936255391525	0.0177711335136258	0.186638554216867	0.139157024793388	
SBS10d	IHC-EHC	IHC	EHC	0.743056023043118	0	0	0	0.000802328917784679	0.052137493276421	0.00229479013840977	0	0	0	0.000653427511135673	0.0309252120978297	0.00144964837811474	0.0242570281124498	0.0183388429752066	
SBS12	IHC-EHC	IHC	EHC	0.000114243047559869	0	0.000251080000417437	0.00485042358607518	0.0286393921662028	0.277448347730974	0.0243624997121209	0	0	0.000948395307581725	0.0125866094683567	0.110357560478847	0.0107325994974287	0.196915662650602	0.099900826446281	***
SBS13	IHC-EHC	IHC	EHC	2.70632466837268e-05	0	0	0.00360401537150435	0.028456177987897	0.298281397555889	0.0243071702401864	0	0.000356135219372639	0.0181690817823532	0.0829645263566814	0.467818169172236	0.0634623659157499	0.262240963855422	0.45204958677686	***
SBS15	IHC-EHC	IHC	EHC	0.153551253934113	0	0	0	0	0.470417942801817	0.023091875577585	0	0	0	0	0.431734745381483	0.0270739702505958	0.0958955823293173	0.121471074380165	
SBS16	IHC-EHC	IHC	EHC	0.00613412874119096	0	0	0.00308542467428734	0.0275709825835401	0.517768177215653	0.0347662224198684	0	0	0.000605667801630957	0.0108765427665131	0.289423185607631	0.0195440933684938	0.203333333333333	0.119925619834711	**
SBS17a	IHC-EHC	IHC	EHC	0.238870450893835	0	0	0	0.0058647237039784	0.0706007577005264	0.0064060196315356	0	0	5.48237993619172e-05	0.00870873677594373	0.0726735018889299	0.00741868517735426	0.0844859437751004	0.0952231404958678	
SBS17b	IHC-EHC	IHC	EHC	0.530119251919059	0	0	0	0.00424201078060717	0.153809985076058	0.00731884633579568	0	0	0	0.00400643067852796	0.270370798863671	0.00782571221248408	0.106461847389558	0.105520661157025	
SBS18	IHC-EHC	IHC	EHC	0.0586219085468919	0	0	0.00137559028451946	0.0143719839508163	0.404546482281776	0.0223501702636818	0	0	0.000272421645877005	0.00773000244826602	0.105485140647127	0.0105480351007669	0.136044176706827	0.0902314049586777	
SBS2	IHC-EHC	IHC	EHC	2.25238352514618e-06	0	0.000334373506978257	0.0157391273919494	0.0480406648454551	0.384811078401798	0.0341559111461205	0	0.0118439372314142	0.047931144609924	0.105134789329753	0.466674755170181	0.0740919026871466	0.39429718875502	0.581198347107438	***
SBS20	IHC-EHC	IHC	EHC	0.347599538293877	0	0	0	0	0.262456904916382	0.00620015907728796	0	0	0	0	0.271730290471762	0.00531923877928134	0.0424859437751004	0.0337933884297521	
SBS21	IHC-EHC	IHC	EHC	0.095276148773449	0	0	0	0	0.255257426019838	0.0027244219307308	0	0	0	0	0.159439159324872	0.00195087163526743	0.0191124497991968	0.0169090909090909	
SBS22a	IHC-EHC	IHC	EHC	0.0216158018023627	0	0	0.000141700719852725	0.00956814531216456	1	0.0454029400904151	0	0	0	0.00373190167133822	0.463381122401614	0.0122791049776978	0.148329317269076	0.0747355371900827	*
SBS22b	IHC-EHC	IHC	EHC	0.418185854887355	0	0	0	0.00121907708496304	0.0979057958565983	0.00270048586845141	0	0	0	0.00118706179397862	0.0776348652275494	0.00333005686543686	0.0320562248995984	0.039396694214876	
SBS24	IHC-EHC	IHC	EHC	0.433415660901336	0	0.00017539871605934	0.00733679510408224	0.0448160355537041	0.857121996391833	0.0516887143749082	0	5.80371053041146e-05	0.00664077787973873	0.0405746382641892	0.291544785387806	0.0298693156718109	0.235831325301205	0.19200826446281	
SBS28	IHC-EHC	IHC	EHC	0.726456354013614	0	0	0	0.000935761205987115	0.171158336816228	0.00352109376777128	0	0	0	0.00205857496441505	0.0701315524142401	0.0031785229021057	0.0447269076305221	0.0433471074380165	
SBS29	IHC-EHC	IHC	EHC	0.480495647192477	0	0	0.00059699829884829	0.00604476649280125	0.594977313191959	0.0110592318613752	0	0	0.000336923097499359	0.00403319958665029	0.148558984614779	0.00887087167836812	0.0672208835341366	0.0638595041322314	
SBS3	IHC-EHC	IHC	EHC	0.103530135651387	0	0.00025297693944399	0.00423165887228135	0.0331489185022585	0.421007475221814	0.03730966144153	0	0	0.00265589423307016	0.0261585708310476	0.510752170036783	0.0383112723697586	0.152963855421687	0.148925619834711	
SBS32	IHC-EHC	IHC	EHC	0.0657220042327921	0	3.52403948436921e-05	0.00206866399258461	0.0228377010910982	0.342286480632363	0.0212598588678086	0	0	0.00138494542812302	0.0129279462045513	0.371257815975805	0.0140804701504613	0.151903614457831	0.0978429752066116	
SBS38	IHC-EHC	IHC	EHC	0.0396312700981196	0	0	0	0.00070663050841239	0.163572653965563	0.00397656382748537	0	0	0	0.00306233492063032	0.509973090243047	0.0138686345846926	0.031570281124498	0.0577685950413223	*
SBS4	IHC-EHC	IHC	EHC	0.492705138875647	0	0	0.000282641212438196	0.00507385272120551	0.400462540479123	0.0173481750800248	0	0	0.000156604173210647	0.00788483089828067	0.119941368949991	0.0106806134895381	0.0842248995983936	0.0603884297520661	
SBS40a	IHC-EHC	IHC	EHC	0.0182934371132758	0	0.00348072368662173	0.0316879482805352	0.172891389774771	0.530127622935994	0.0985040535620977	0	0.00088271990955848	0.0142158687116492	0.0831000665452614	0.419276598646859	0.0606982924303863	0.318313253012048	0.221115702479339	*
SBS40b	IHC-EHC	IHC	EHC	0.315494945155612	0	0	0.000331749366949996	0.00505626325911674	0.223214889969846	0.00922395776426898	0	0	0.000294490037991308	0.00301773887116875	0.300327762749015	0.0083001855483057	0.0620200803212851	0.0511652892561984	
SBS40c	IHC-EHC	IHC	EHC	0.332626486240795	0	0.000204430189943088	0.00572682092462486	0.0406584082194457	0.531257151352056	0.0367131234374968	0	0.000161775700439704	0.0047297512397644	0.029424155627957	0.296270224589502	0.0288098952139344	0.156232931726908	0.12095041322314	
SBS42	IHC-EHC	IHC	EHC	0.272405977670465	0	0.00146416222292596	0.0275932061374287	0.109017253144776	0.992955395772523	0.0711122341546673	0	0.00193412472604321	0.0452534257985383	0.12581515314432	0.52501115584479	0.0883444594492868	0.355176706827309	0.39095867768595	
SBS44	IHC-EHC	IHC	EHC	0.0132541819758883	0	0	0	0	0.204937107722196	0.00223327628553598	0	0	0	0	0.368248193897966	0.00714351950951206	0.0122248995983936	0.0321652892561984	*
SBS5	IHC-EHC	IHC	EHC	0.224764037024912	0	0.00555349181572841	0.0291238985351337	0.113557458330517	0.57883242074415	0.075178989818338	0	0.00340705772187619	0.0269491313857744	0.0748876253729671	0.270358671197197	0.0518341256479411	0.269012048192771	0.222760330578512	
SBS86	IHC-EHC	IHC	EHC	0.225232638424953	0	0	0.00281080466579703	0.019331644867624	0.20877043164264	0.017477787090275	0	0	0.0012614819683842	0.0161117289719121	0.098821107882125	0.0132812718911511	0.160542168674699	0.133239669421488	
SBS87	IHC-EHC	IHC	EHC	0.022449011208082	0	0.00223205142081967	0.0257584916736578	0.10082261521164	0.509753586221566	0.0692371486848232	0	0.0120204598525408	0.0589284808871316	0.12254315652572	0.467790877606892	0.0913103738017496	0.32004016064257	0.380280991735537	*
SBS9	IHC-EHC	IHC	EHC	0.375581887472963	0	0	0	0.00103347948624523	0.0702289196326728	0.00321655637129775	0	0	0	0.000914893589251492	0.227818816445849	0.00596364055624275	0.0310642570281125	0.0478760330578512	
SBS96	IHC-EHC	IHC	EHC	0.281408369844199	0	0	0.00123410419741115	0.0122356335150485	0.209445971540338	0.014932339841518	0	0	0.000611199401598332	0.0105250887095487	0.234728882919968	0.0126897606830711	0.110220883534137	0.081198347107438	
SBS97	IHC-EHC	IHC	EHC	0.0746929716546497	0	0	0.00640948296638071	0.0337214924604706	0.175774091838853	0.0224901872541249	0	0	0.00255844801227575	0.0243946571567714	0.111272229715986	0.0159619539563816	0.2384859437751	0.170586776859504	
SBS98	IHC-EHC	IHC	EHC	0.221646555268096	0	0	0.000280235781899935	0.00851185059157379	0.190867602295437	0.00954390416274369	0	0	0.00133593639926362	0.00645706796253837	0.0758039264855607	0.00803944011810215	0.0857590361445783	0.0789256198347108	
SBS99	IHC-EHC	IHC	EHC	0.537559237400263	0	5.71582381906185e-05	0.00264148705001808	0.0195584883044867	0.196811597207638	0.0169210708356457	0	0.000122355052597022	0.00297465845420826	0.0217270597418625	0.134626364809062	0.0179316360023874	0.138236947791165	0.144363636363636	
SBS1	IHC-PHC	IHC	PHC	0.00101289738723983	0	0.0504697533516351	0.125311671883192	0.216278862791771	0.657665244130419	0.147058261955008	0.00391240601535627	0.100262800490587	0.177998246767913	0.308135813987467	0.542566548330188	0.203441945517939	0.776377510040161	0.877465753424658	**
SBS10a	IHC-PHC	IHC	PHC	0.593315896928131	0	0	0	0	0.33422850358624	0.00134228314693269	0	0	0	0	0	0	0.00401606425702811	0	
SBS10b	IHC-PHC	IHC	PHC	0.922825859796264	0	0	0	0	0.485382024520957	0.00210988794834877	0	0	0	0	0.00040335796128725	5.52545152448287e-06	0.00693574297188755	8.21917808219178e-05	
SBS10c	IHC-PHC	IHC	PHC	0.175644036012402	0	7.46523477962909e-05	0.00335280159748612	0.0284021951006346	0.164890620557453	0.0204601260337844	0	0	0.00142494147427326	0.0151599506473085	0.212936255391525	0.0198458514597002	0.186638554216867	0.142890410958904	
SBS10d	IHC-PHC	IHC	PHC	0.731772403191991	0	0	0	0.000802328917784679	0.052137493276421	0.00229479013840977	0	0	0	0.00065129044173438	0.0172501166062933	0.00101517035925407	0.0242570281124498	0.0132602739726027	
SBS12	IHC-PHC	IHC	PHC	0.0102847753428118	0	0.000251080000417437	0.00485042358607518	0.0286393921662028	0.277448347730974	0.0243624997121209	0	0	0.00117302942006399	0.0151424999028211	0.110357560478847	0.0127253008853075	0.196915662650602	0.110013698630137	*
SBS13	IHC-PHC	IHC	PHC	0.0892993713971364	0	0	0.00360401537150435	0.028456177987897	0.298281397555889	0.0243071702401864	0	0	0.00967869186098367	0.0669108548620035	0.461644345448685	0.056466990533693	0.262240963855422	0.380931506849315	
SBS15	IHC-PHC	IHC	PHC	0.137525126738392	0	0	0	0	0.470417942801817	0.023091875577585	0	0	0	0	0.431734745381483	0.0320192371489836	0.0958955823293173	0.128904109589041	
SBS16	IHC-PHC	IHC	PHC	0.01137406474402	0	0	0.00308542467428734	0.0275709825835401	0.517768177215653	0.0347662224198684	0	0	0.00028499154301119	0.0127631973529589	0.289423185607631	0.0230713161365635	0.203333333333333	0.129890410958904	*
SBS17a	IHC-PHC	IHC	PHC	0.0929147505573721	0	0	0	0.0058647237039784	0.0706007577005264	0.0064060196315356	0	0	0.0001091254138342	0.0165907903609782	0.0726735018889299	0.0098179258763869	0.0844859437751004	0.123246575342466	
SBS17b	IHC-PHC	IHC	PHC	0.216889638474024	0	0	0	0.00424201078060717	0.153809985076058	0.00731884633579568	0	0	0	0.000709478268024649	0.270370798863671	0.00662262032639384	0.106461847389558	0.0732876712328767	
SBS18	IHC-PHC	IHC	PHC	0.0561986422102957	0	0	0.00137559028451946	0.0143719839508163	0.404546482281776	0.0223501702636818	0	0	0.000164149730691503	0.0067510584034504	0.101013337306729	0.00989382073295971	0.136044176706827	0.0819589041095891	
SBS2	IHC-PHC	IHC	PHC	0.0286623718993644	0	0.000334373506978257	0.0157391273919494	0.0480406648454551	0.384811078401798	0.0341559111461205	0	0.00106112985279509	0.0306385093691754	0.0694303814703043	0.413161622940027	0.0611587421533004	0.39429718875502	0.486780821917808	*
SBS20	IHC-PHC	IHC	PHC	0.21298517936006	0	0	0	0	0.262456904916382	0.00620015907728796	0	0	0	0	0.101291739308785	0.00471984384174079	0.0424859437751004	0.036972602739726	
SBS21	IHC-PHC	IHC	PHC	0.205947312052584	0	0	0	0	0.255257426019838	0.0027244219307308	0	0	0	0	0.159439159324872	0.00251000627819863	0.0191124497991968	0.0188904109589041	
SBS22a	IHC-PHC	IHC	PHC	0.0429962041843217	0	0	0.000141700719852725	0.00956814531216456	1	0.0454029400904151	0	0	0	0.00283488674038588	0.463381122401614	0.0174136953504686	0.148329317269076	0.0888493150684932	*
SBS22b	IHC-PHC	IHC	PHC	0.632817571854901	0	0	0	0.00121907708496304	0.0979057958565983	0.00270048586845141	0	0	0	0.00169149522756072	0.0776348652275494	0.00466824040643247	0.0320562248995984	0.0526301369863014	
SBS24	IHC-PHC	IHC	PHC	0.0677154117679904	0	0.00017539871605934	0.00733679510408224	0.0448160355537041	0.857121996391833	0.0516887143749082	0	0	0.00399847963350448	0.0306816897685588	0.291544785387806	0.0247741069007545	0.235831325301205	0.154547945205479	
SBS28	IHC-PHC	IHC	PHC	0.935711324459075	0	0	0	0.000935761205987115	0.171158336816228	0.00352109376777128	0	0	0	0.00185947075249219	0.0701315524142401	0.00371680272735189	0.0447269076305221	0.0467534246575343	
SBS29	IHC-PHC	IHC	PHC	0.0461970401532807	0	0	0.00059699829884829	0.00604476649280125	0.594977313191959	0.0110592318613752	0	0	0.000106044439467447	0.00138271018796283	0.148558984614779	0.00611638987092965	0.0672208835341366	0.0449041095890411	*
SBS3	IHC-PHC	IHC	PHC	0.155863304214908	0	0.00025297693944399	0.00423165887228135	0.0331489185022585	0.421007475221814	0.03730966144153	0	0	0.00355003343046621	0.0204414640315478	0.510752170036783	0.0339207351090278	0.152963855421687	0.137671232876712	
SBS32	IHC-PHC	IHC	PHC	0.131734942537931	0	3.52403948436921e-05	0.00206866399258461	0.0228377010910982	0.342286480632363	0.0212598588678086	0	0	0.000746047211792299	0.0168484724208069	0.371257815975805	0.0176826273219574	0.151903614457831	0.111684931506849	
SBS38	IHC-PHC	IHC	PHC	0.0489185824708375	0	0	0	0.00070663050841239	0.163572653965563	0.00397656382748537	0	0	0	0.00423103452989347	0.509973090243047	0.0213336417880342	0.031570281124498	0.0760958904109589	*
SBS4	IHC-PHC	IHC	PHC	0.8171973115414	0	0	0.000282641212438196	0.00507385272120551	0.400462540479123	0.0173481750800248	0	0	0.000226210410514726	0.00588231453286861	0.0888113303581751	0.0092625260739078	0.0842248995983936	0.0438219178082192	
SBS40a	IHC-PHC	IHC	PHC	0.102075658243002	0	0.00348072368662173	0.0316879482805352	0.172891389774771	0.530127622935994	0.0985040535620977	0	0.000447829544297323	0.0158377677980302	0.0898882340661051	0.419276598646859	0.0721029854939373	0.318313253012048	0.250602739726027	
SBS40b	IHC-PHC	IHC	PHC	0.355198132827828	0	0	0.000331749366949996	0.00505626325911674	0.223214889969846	0.00922395776426898	0	0	0.000294490037991308	0.00541863247166402	0.114801873685732	0.00723098663190716	0.0620200803212851	0.054041095890411	
SBS40c	IHC-PHC	IHC	PHC	0.781810541714653	0	0.000204430189943088	0.00572682092462486	0.0406584082194457	0.531257151352056	0.0367131234374968	0	0.00023074284894391	0.0047297512397644	0.029424155627957	0.296270224589502	0.0332920788096661	0.156232931726908	0.133424657534247	
SBS42	IHC-PHC	IHC	PHC	0.0284299577221503	0	0.00146416222292596	0.0275932061374287	0.109017253144776	0.992955395772523	0.0711122341546673	0	0.00297896646215273	0.0714515114374571	0.191034621676712	0.52501115584479	0.11532411021624	0.355176706827309	0.452397260273973	*
SBS44	IHC-PHC	IHC	PHC	0.0165869027526068	0	0	0	0	0.204937107722196	0.00223327628553598	0	0	0	0	0.159724456899347	0.00521221692541026	0.0122248995983936	0.0266027397260274	*
SBS5	IHC-PHC	IHC	PHC	0.0203060509882401	0	0.00555349181572841	0.0291238985351337	0.113557458330517	0.57883242074415	0.075178989818338	0	0.00229341458321511	0.014355821654499	0.0516112950860744	0.190701376951991	0.0394881159050259	0.269012048192771	0.179739726027397	*
SBS86	IHC-PHC	IHC	PHC	0.0442638161651058	0	0	0.00281080466579703	0.019331644867624	0.20877043164264	0.017477787090275	0	0	0.000888674868519948	0.00802988650632292	0.0981543661200073	0.0106391065495831	0.160542168674699	0.10627397260274	*
SBS87	IHC-PHC	IHC	PHC	0.767133400446474	0	0.00223205142081967	0.0257584916736578	0.10082261521164	0.509753586221566	0.0692371486848232	0	0.00208702787730236	0.0438709851799955	0.0949298572293834	0.430231962448943	0.0748123752951316	0.32004016064257	0.31727397260274	
SBS9	IHC-PHC	IHC	PHC	0.73421828973449	0	0	0	0.00103347948624523	0.0702289196326728	0.00321655637129775	0	0	0	0.00114508395006617	0.227818816445849	0.00893317057653308	0.0310642570281125	0.069972602739726	
SBS96	IHC-PHC	IHC	PHC	0.493072229922106	0	0	0.00123410419741115	0.0122356335150485	0.209445971540338	0.014932339841518	0	0	0.000898553341139917	0.0154701018889442	0.234728882919968	0.012740010651907	0.110220883534137	0.079013698630137	
SBS97	IHC-PHC	IHC	PHC	0.0273363054531161	0	0	0.00640948296638071	0.0337214924604706	0.175774091838853	0.0224901872541249	0	0	0.00114839486051628	0.0224965828226991	0.111272229715986	0.0145815024386831	0.2384859437751	0.145178082191781	*
SBS98	IHC-PHC	IHC	PHC	0.718599753153234	0	0	0.000280235781899935	0.00851185059157379	0.190867602295437	0.00954390416274369	0	0	0.000764980931390701	0.00404501117321574	0.0468384207513378	0.00411670272292146	0.0857590361445783	0.0447123287671233	
SBS99	IHC-PHC	IHC	PHC	0.491942880214279	0	5.71582381906185e-05	0.00264148705001808	0.0195584883044867	0.196811597207638	0.0169210708356457	0	9.3665531267041e-05	0.0041526790124751	0.0263991790945603	0.134626364809062	0.0193235755322445	0.138236947791165	0.150054794520548	
SBS1	IHC-DCC	IHC	DCC	0.0136277902010868	0	0.0504697533516351	0.125311671883192	0.216278862791771	0.657665244130419	0.147058261955008	0.0137478887494914	0.0740043414504986	0.190268500277992	0.305707024159757	0.522885578845194	0.208159633618337	0.776377510040161	0.84878947368421	*
SBS10a	IHC-DCC	IHC	DCC	0.703668183223753	0	0	0	0	0.33422850358624	0.00134228314693269	0	0	0	0	0	0	0.00401606425702811	0	
SBS10b	IHC-DCC	IHC	DCC	0.50091966408603	0	0	0	0	0.485382024520957	0.00210988794834877	0	0	0	0	0	0	0.00693574297188755	0	
SBS10c	IHC-DCC	IHC	DCC	0.172010272597995	0	7.46523477962909e-05	0.00335280159748612	0.0284021951006346	0.164890620557453	0.0204601260337844	0	0	0.00175143058409892	0.00966680520835621	0.108328955075179	0.0131117957066404	0.186638554216867	0.109184210526316	
SBS10d	IHC-DCC	IHC	DCC	0.445616672150872	0	0	0	0.000802328917784679	0.052137493276421	0.00229479013840977	0	0	2.56056413756691e-05	0.00136319881459607	0.0309252120978297	0.00197423158563469	0.0242570281124498	0.0238157894736842	
SBS12	IHC-DCC	IHC	DCC	4.17963592427116e-05	0	0.000251080000417437	0.00485042358607518	0.0286393921662028	0.277448347730974	0.0243624997121209	0	0	5.8636768873929e-05	0.00298103557692846	0.0350108610518317	0.00457390244494547	0.196915662650602	0.0515789473684211	***
SBS13	IHC-DCC	IHC	DCC	5.53135907546933e-07	0	0	0.00360401537150435	0.028456177987897	0.298281397555889	0.0243071702401864	0	0.0115361187521136	0.0523206184461974	0.108389990551901	0.467818169172236	0.0795399143482839	0.262240963855422	0.570763157894737	***
SBS15	IHC-DCC	IHC	DCC	0.334198110356854	0	0	0	0	0.470417942801817	0.023091875577585	0	0	0	0	0.283429242490629	0.0244384057111351	0.0958955823293173	0.135368421052632	
SBS16	IHC-DCC	IHC	DCC	0.155372405260025	0	0	0.00308542467428734	0.0275709825835401	0.517768177215653	0.0347662224198684	0	0	0.00149115488735757	0.0087475038538055	0.191745059641611	0.0160834711807965	0.203333333333333	0.113236842105263	
SBS17a	IHC-DCC	IHC	DCC	0.955489965525341	0	0	0	0.0058647237039784	0.0706007577005264	0.0064060196315356	0	0	4.18288887499609e-05	0.00383769857169065	0.0210929759427553	0.00309673143191972	0.0844859437751004	0.0422105263157895	
SBS17b	IHC-DCC	IHC	DCC	0.0153619351086744	0	0	0	0.00424201078060717	0.153809985076058	0.00731884633579568	0	0	0.000802531318633841	0.0135278325857192	0.0774664926347886	0.0105906572035571	0.106461847389558	0.156815789473684	*
SBS18	IHC-DCC	IHC	DCC	0.218899685187591	0	0	0.00137559028451946	0.0143719839508163	0.404546482281776	0.0223501702636818	0	0	0.000484362146784202	0.00597709268256056	0.105485140647127	0.00849159763576773	0.136044176706827	0.0676578947368421	
SBS2	IHC-DCC	IHC	DCC	7.29922129735592e-09	0	0.000334373506978257	0.0157391273919494	0.0480406648454551	0.384811078401798	0.0341559111461205	0.000423066005791649	0.0328007898506712	0.074441582070093	0.145866641044055	0.466674755170181	0.104700194668738	0.39429718875502	0.75471052631579	***
SBS20	IHC-DCC	IHC	DCC	0.82394044466634	0	0	0	0	0.262456904916382	0.00620015907728796	0	0	0	0	0.271730290471762	0.00785045615807055	0.0424859437751004	0.0362631578947368	
SBS21	IHC-DCC	IHC	DCC	0.254226282436391	0	0	0	0	0.255257426019838	0.0027244219307308	0	0	0	0	0.00315027562761325	0.0001747485400656	0.0191124497991968	0.00326315789473684	
SBS22a	IHC-DCC	IHC	DCC	0.295479009110814	0	0	0.000141700719852725	0.00956814531216456	1	0.0454029400904151	0	0	4.13493777672208e-05	0.00392947657787414	0.070276872166596	0.00534310597128461	0.148329317269076	0.062	
SBS22b	IHC-DCC	IHC	DCC	0.105042364255766	0	0	0	0.00121907708496304	0.0979057958565983	0.00270048586845141	0	0	0	0.000107807786900667	0.0265879592219625	0.00129878519318076	0.0320562248995984	0.0165789473684211	
SBS24	IHC-DCC	IHC	DCC	0.303607412968231	0	0.00017539871605934	0.00733679510408224	0.0448160355537041	0.857121996391833	0.0516887143749082	0	0.00100500343112384	0.024029394588514	0.0495574673648111	0.223915732963309	0.039068641617997	0.235831325301205	0.265394736842105	
SBS28	IHC-DCC	IHC	DCC	0.910869969481942	0	0	0	0.000935761205987115	0.171158336816228	0.00352109376777128	0	0	0	0.0017668672262502	0.0152911174040262	0.00207727237854222	0.0447269076305221	0.0345526315789474	
SBS29	IHC-DCC	IHC	DCC	0.547353208705905	0	0	0.00059699829884829	0.00604476649280125	0.594977313191959	0.0110592318613752	0	0	0.000901157893263717	0.00951010167169011	0.0717239331060048	0.00683603795817057	0.0672208835341366	0.0529473684210526	
SBS3	IHC-DCC	IHC	DCC	0.442536416035814	0	0.00025297693944399	0.00423165887228135	0.0331489185022585	0.421007475221814	0.03730966144153	0	0	0.00257572816530463	0.0598939059863489	0.269159931690437	0.0412574107606514	0.152963855421687	0.163105263157895	
SBS32	IHC-DCC	IHC	DCC	0.516367621807053	0	3.52403948436921e-05	0.00206866399258461	0.0228377010910982	0.342286480632363	0.0212598588678086	0	0.000108101304358628	0.00219014267733917	0.00858935079894505	0.117298154501554	0.0102451731880748	0.151903614457831	0.0902368421052632	
SBS38	IHC-DCC	IHC	DCC	0.149797260025719	0	0	0	0.00070663050841239	0.163572653965563	0.00397656382748537	0	0	0.000104764517190915	0.00147559546370363	0.0270348757917771	0.00259576322761834	0.031570281124498	0.0301315789473684	
SBS4	IHC-DCC	IHC	DCC	0.42149397479293	0	0	0.000282641212438196	0.00507385272120551	0.400462540479123	0.0173481750800248	0	0	6.19583000827427e-05	0.00927527074425668	0.119941368949991	0.0152209423607259	0.0842248995983936	0.100026315789474	
SBS40a	IHC-DCC	IHC	DCC	0.112075228851385	0	0.00348072368662173	0.0316879482805352	0.172891389774771	0.530127622935994	0.0985040535620977	0	0.00225687537782764	0.0156548246294355	0.052674828997737	0.180426197215682	0.0408670409707644	0.318313253012048	0.150157894736842	
SBS40b	IHC-DCC	IHC	DCC	0.493836827491199	0	0	0.000331749366949996	0.00505626325911674	0.223214889969846	0.00922395776426898	0	0	0.000235742598330001	0.00198794602147613	0.0361490673591627	0.0029556840095979	0.0620200803212851	0.0223421052631579	
SBS40c	IHC-DCC	IHC	DCC	0.36735806576611	0	0.000204430189943088	0.00572682092462486	0.0406584082194457	0.531257151352056	0.0367131234374968	0	0.000146929131791374	0.00554126375708032	0.029313384047192	0.29032741403214	0.0226988965973991	0.156232931726908	0.0963947368421053	
SBS42	IHC-DCC	IHC	DCC	0.429777844466061	0	0.00146416222292596	0.0275932061374287	0.109017253144776	0.992955395772523	0.0711122341546673	0	0.00113536963578811	0.0290379471443356	0.064628059064938	0.19366527364694	0.0433128754515744	0.355176706827309	0.300105263157895	
SBS44	IHC-DCC	IHC	DCC	0.279613078976112	0	0	0	0	0.204937107722196	0.00223327628553598	0	0	0	0	0.0579806678731963	0.00299076886008339	0.0122248995983936	0.0241052631578947	
SBS5	IHC-DCC	IHC	DCC	0.575819202835723	0	0.00555349181572841	0.0291238985351337	0.113557458330517	0.57883242074415	0.075178989818338	0.000166597455277338	0.00852547219592485	0.0392724103138326	0.105696217249852	0.238635682681693	0.0653269613761905	0.269012048192771	0.266552631578947	
SBS86	IHC-DCC	IHC	DCC	0.360709075445925	0	0	0.00281080466579703	0.019331644867624	0.20877043164264	0.017477787090275	0	0.000140570054298249	0.00431854066634353	0.0252069011368155	0.098821107882125	0.0198336227648664	0.160542168674699	0.1965	
SBS87	IHC-DCC	IHC	DCC	1.36357381379299e-05	0	0.00223205142081967	0.0257584916736578	0.10082261521164	0.509753586221566	0.0692371486848232	0	0.0505389025931998	0.0966252716645059	0.18046710698994	0.467790877606892	0.135648468161216	0.32004016064257	0.536368421052632	***
SBS9	IHC-DCC	IHC	DCC	0.0902641476446146	0	0	0	0.00103347948624523	0.0702289196326728	0.00321655637129775	0	0	0	0.000279423829242183	0.00991467955410812	0.000518295407196573	0.0310642570281125	0.00384210526315789	
SBS96	IHC-DCC	IHC	DCC	0.556661248987486	0	0	0.00123410419741115	0.0122356335150485	0.209445971540338	0.014932339841518	0	6.59445192517188e-05	0.000493933090977857	0.00606058418917033	0.140769943012037	0.0149785430010439	0.110220883534137	0.0936052631578947	
SBS97	IHC-DCC	IHC	DCC	0.625860731555734	0	0	0.00640948296638071	0.0337214924604706	0.175774091838853	0.0224901872541249	0	0.000230254585486865	0.0110567087660949	0.029628441107932	0.101258087041479	0.0206901418468347	0.2384859437751	0.240578947368421	
SBS98	IHC-DCC	IHC	DCC	0.0143540113405692	0	0	0.000280235781899935	0.00851185059157379	0.190867602295437	0.00954390416274369	0	0.000302100383128556	0.00296321540986541	0.0121040952185037	0.0758039264855607	0.0111483981808661	0.0857590361445783	0.110684210526316	*
SBS99	IHC-DCC	IHC	DCC	0.921873223769742	0	5.71582381906185e-05	0.00264148705001808	0.0195584883044867	0.196811597207638	0.0169210708356457	0	0.000367500122889149	0.00139713056940631	0.0131097167737149	0.0940842048669008	0.0123014304822302	0.138236947791165	0.110710526315789	
SBS1	DCC-PHC	DCC	PHC	0.982645894114037	0.0137478887494914	0.0740043414504986	0.190268500277992	0.305707024159757	0.522885578845194	0.208159633618337	0.00391240601535627	0.100262800490587	0.177998246767913	0.308135813987467	0.542566548330188	0.203441945517939	0.84878947368421	0.877465753424658	
SBS10a	DCC-PHC	DCC	PHC		0	0	0	0	0	0	0	0	0	0	0	0	0	0	
SBS10b	DCC-PHC	DCC	PHC	0.482365216361296	0	0	0	0	0	0	0	0	0	0	0.00040335796128725	5.52545152448287e-06	0	8.21917808219178e-05	
SBS10c	DCC-PHC	DCC	PHC	0.852017844731277	0	0	0.00175143058409892	0.00966680520835621	0.108328955075179	0.0131117957066404	0	0	0.00142494147427326	0.0151599506473085	0.212936255391525	0.0198458514597002	0.109184210526316	0.142890410958904	
SBS10d	DCC-PHC	DCC	PHC	0.348780327680219	0	0	2.56056413756691e-05	0.00136319881459607	0.0309252120978297	0.00197423158563469	0	0	0	0.00065129044173438	0.0172501166062933	0.00101517035925407	0.0238157894736842	0.0132602739726027	
SBS12	DCC-PHC	DCC	PHC	0.0556363366435352	0	0	5.8636768873929e-05	0.00298103557692846	0.0350108610518317	0.00457390244494547	0	0	0.00117302942006399	0.0151424999028211	0.110357560478847	0.0127253008853075	0.0515789473684211	0.110013698630137	
SBS13	DCC-PHC	DCC	PHC	0.00744762409667567	0	0.0115361187521136	0.0523206184461974	0.108389990551901	0.467818169172236	0.0795399143482839	0	0	0.00967869186098367	0.0669108548620035	0.461644345448685	0.056466990533693	0.570763157894737	0.380931506849315	**
SBS15	DCC-PHC	DCC	PHC	0.927793627642783	0	0	0	0	0.283429242490629	0.0244384057111351	0	0	0	0	0.431734745381483	0.0320192371489836	0.135368421052632	0.128904109589041	
SBS16	DCC-PHC	DCC	PHC	0.502237110369518	0	0	0.00149115488735757	0.0087475038538055	0.191745059641611	0.0160834711807965	0	0	0.00028499154301119	0.0127631973529589	0.289423185607631	0.0230713161365635	0.113236842105263	0.129890410958904	
SBS17a	DCC-PHC	DCC	PHC	0.199596181927041	0	0	4.18288887499609e-05	0.00383769857169065	0.0210929759427553	0.00309673143191972	0	0	0.0001091254138342	0.0165907903609782	0.0726735018889299	0.0098179258763869	0.0422105263157895	0.123246575342466	
SBS17b	DCC-PHC	DCC	PHC	0.00264165779841133	0	0	0.000802531318633841	0.0135278325857192	0.0774664926347886	0.0105906572035571	0	0	0	0.000709478268024649	0.270370798863671	0.00662262032639384	0.156815789473684	0.0732876712328767	**
SBS18	DCC-PHC	DCC	PHC	0.799423973852267	0	0	0.000484362146784202	0.00597709268256056	0.105485140647127	0.00849159763576773	0	0	0.000164149730691503	0.0067510584034504	0.101013337306729	0.00989382073295971	0.0676578947368421	0.0819589041095891	
SBS2	DCC-PHC	DCC	PHC	0.000989917178357718	0.000423066005791649	0.0328007898506712	0.074441582070093	0.145866641044055	0.466674755170181	0.104700194668738	0	0.00106112985279509	0.0306385093691754	0.0694303814703043	0.413161622940027	0.0611587421533004	0.75471052631579	0.486780821917808	***
SBS20	DCC-PHC	DCC	PHC	0.353784865109364	0	0	0	0	0.271730290471762	0.00785045615807055	0	0	0	0	0.101291739308785	0.00471984384174079	0.0362631578947368	0.036972602739726	
SBS21	DCC-PHC	DCC	PHC	0.885657077423553	0	0	0	0	0.00315027562761325	0.0001747485400656	0	0	0	0	0.159439159324872	0.00251000627819863	0.00326315789473684	0.0188904109589041	
SBS22a	DCC-PHC	DCC	PHC	0.61853020201355	0	0	4.13493777672208e-05	0.00392947657787414	0.070276872166596	0.00534310597128461	0	0	0	0.00283488674038588	0.463381122401614	0.0174136953504686	0.062	0.0888493150684932	
SBS22b	DCC-PHC	DCC	PHC	0.104314368293631	0	0	0	0.000107807786900667	0.0265879592219625	0.00129878519318076	0	0	0	0.00169149522756072	0.0776348652275494	0.00466824040643247	0.0165789473684211	0.0526301369863014	
SBS24	DCC-PHC	DCC	PHC	0.0299382398126141	0	0.00100500343112384	0.024029394588514	0.0495574673648111	0.223915732963309	0.039068641617997	0	0	0.00399847963350448	0.0306816897685588	0.291544785387806	0.0247741069007545	0.265394736842105	0.154547945205479	*
SBS28	DCC-PHC	DCC	PHC	0.946839988124753	0	0	0	0.0017668672262502	0.0152911174040262	0.00207727237854222	0	0	0	0.00185947075249219	0.0701315524142401	0.00371680272735189	0.0345526315789474	0.0467534246575343	
SBS29	DCC-PHC	DCC	PHC	0.0658243981762937	0	0	0.000901157893263717	0.00951010167169011	0.0717239331060048	0.00683603795817057	0	0	0.000106044439467447	0.00138271018796283	0.148558984614779	0.00611638987092965	0.0529473684210526	0.0449041095890411	
SBS3	DCC-PHC	DCC	PHC	0.826176203566831	0	0	0.00257572816530463	0.0598939059863489	0.269159931690437	0.0412574107606514	0	0	0.00355003343046621	0.0204414640315478	0.510752170036783	0.0339207351090278	0.163105263157895	0.137671232876712	
SBS32	DCC-PHC	DCC	PHC	0.685693228880483	0	0.000108101304358628	0.00219014267733917	0.00858935079894505	0.117298154501554	0.0102451731880748	0	0	0.000746047211792299	0.0168484724208069	0.371257815975805	0.0176826273219574	0.0902368421052632	0.111684931506849	
SBS38	DCC-PHC	DCC	PHC	0.757817879293114	0	0	0.000104764517190915	0.00147559546370363	0.0270348757917771	0.00259576322761834	0	0	0	0.00423103452989347	0.509973090243047	0.0213336417880342	0.0301315789473684	0.0760958904109589	
SBS4	DCC-PHC	DCC	PHC	0.638376757188386	0	0	6.19583000827427e-05	0.00927527074425668	0.119941368949991	0.0152209423607259	0	0	0.000226210410514726	0.00588231453286861	0.0888113303581751	0.0092625260739078	0.100026315789474	0.0438219178082192	
SBS40a	DCC-PHC	DCC	PHC	0.982614749758065	0	0.00225687537782764	0.0156548246294355	0.052674828997737	0.180426197215682	0.0408670409707644	0	0.000447829544297323	0.0158377677980302	0.0898882340661051	0.419276598646859	0.0721029854939373	0.150157894736842	0.250602739726027	
SBS40b	DCC-PHC	DCC	PHC	0.895557842282124	0	0	0.000235742598330001	0.00198794602147613	0.0361490673591627	0.0029556840095979	0	0	0.000294490037991308	0.00541863247166402	0.114801873685732	0.00723098663190716	0.0223421052631579	0.054041095890411	
SBS40c	DCC-PHC	DCC	PHC	0.516832876046351	0	0.000146929131791374	0.00554126375708032	0.029313384047192	0.29032741403214	0.0226988965973991	0	0.00023074284894391	0.0047297512397644	0.029424155627957	0.296270224589502	0.0332920788096661	0.0963947368421053	0.133424657534247	
SBS42	DCC-PHC	DCC	PHC	0.0268381020879565	0	0.00113536963578811	0.0290379471443356	0.064628059064938	0.19366527364694	0.0433128754515744	0	0.00297896646215273	0.0714515114374571	0.191034621676712	0.52501115584479	0.11532411021624	0.300105263157895	0.452397260273973	*
SBS44	DCC-PHC	DCC	PHC	0.564492536041085	0	0	0	0	0.0579806678731963	0.00299076886008339	0	0	0	0	0.159724456899347	0.00521221692541026	0.0241052631578947	0.0266027397260274	
SBS5	DCC-PHC	DCC	PHC	0.0186262436819753	0.000166597455277338	0.00852547219592485	0.0392724103138326	0.105696217249852	0.238635682681693	0.0653269613761905	0	0.00229341458321511	0.014355821654499	0.0516112950860744	0.190701376951991	0.0394881159050259	0.266552631578947	0.179739726027397	*
SBS86	DCC-PHC	DCC	PHC	0.0368157217803444	0	0.000140570054298249	0.00431854066634353	0.0252069011368155	0.098821107882125	0.0198336227648664	0	0	0.000888674868519948	0.00802988650632292	0.0981543661200073	0.0106391065495831	0.1965	0.10627397260274	*
SBS87	DCC-PHC	DCC	PHC	0.000710221727961126	0	0.0505389025931998	0.0966252716645059	0.18046710698994	0.467790877606892	0.135648468161216	0	0.00208702787730236	0.0438709851799955	0.0949298572293834	0.430231962448943	0.0748123752951316	0.536368421052632	0.31727397260274	***
SBS9	DCC-PHC	DCC	PHC	0.251271958139364	0	0	0	0.000279423829242183	0.00991467955410812	0.000518295407196573	0	0	0	0.00114508395006617	0.227818816445849	0.00893317057653308	0.00384210526315789	0.069972602739726	
SBS96	DCC-PHC	DCC	PHC	0.982453955704585	0	6.59445192517188e-05	0.000493933090977857	0.00606058418917033	0.140769943012037	0.0149785430010439	0	0	0.000898553341139917	0.0154701018889442	0.234728882919968	0.012740010651907	0.0936052631578947	0.079013698630137	
SBS97	DCC-PHC	DCC	PHC	0.0463460167778378	0	0.000230254585486865	0.0110567087660949	0.029628441107932	0.101258087041479	0.0206901418468347	0	0	0.00114839486051628	0.0224965828226991	0.111272229715986	0.0145815024386831	0.240578947368421	0.145178082191781	*
SBS98	DCC-PHC	DCC	PHC	0.010089371607126	0	0.000302100383128556	0.00296321540986541	0.0121040952185037	0.0758039264855607	0.0111483981808661	0	0	0.000764980931390701	0.00404501117321574	0.0468384207513378	0.00411670272292146	0.110684210526316	0.0447123287671233	*
SBS99	DCC-PHC	DCC	PHC	0.633154562395754	0	0.000367500122889149	0.00139713056940631	0.0131097167737149	0.0940842048669008	0.0123014304822302	0	9.3665531267041e-05	0.0041526790124751	0.0263991790945603	0.134626364809062	0.0193235755322445	0.110710526315789	0.150054794520548	
